32 0.004783
236 0.007716
440 0.015079
644 0.030175
848 0.068627
1052 0.196037
1256 0.309233
1460 0.646222
1664 0.624877
1868 0.779364
2072 1.824749
2276 3.726183
2480 3.317321
2684 5.557070
2888 3.048047
3092 3.806358
3296 3.573301
3500 4.921608
3704 14.775322
3908 27.837707
4112 27.798373
4316 31.412177
4520 24.500905
4724 27.198239
4928 20.878596
5132 69.805014
5336 31.699878
5540 17.457213
5744 52.659494
5948 65.688997
6152 70.239350
6356 96.018799
6560 65.094152
6764 140.576268
6968 77.354982
7172 159.364193
7376 126.300463
7580 190.375900
7784 234.934620
7988 158.232160
8192 229.975904
