32 0.003036
52 0.003445
72 0.003975
92 0.004220
112 0.004509
132 0.004837
152 0.005562
172 0.006157
192 0.006703
212 0.007287
232 0.007637
252 0.008531
272 0.009221
292 0.010633
312 0.010792
332 0.011597
352 0.013447
372 0.013533
392 0.014715
412 0.015815
432 0.018618
452 0.019971
472 0.019010
492 0.021684
512 0.022288
532 0.026866
552 0.026537
572 0.028650
592 0.033232
612 0.034735
632 0.038353
652 0.042628
672 0.044829
692 0.048687
712 0.047546
732 0.058004
752 0.057720
772 0.063877
792 0.078250
812 0.078450
832 0.064294
852 0.084521
872 0.089827
892 0.088567
912 0.108586
932 0.117306
952 0.108892
972 0.116495
992 0.132634
1012 0.137778
