64 .000866
144 .000982
224 .001550
304 .002301
384 .005110
464 .007621
544 .011654
624 .008534
704 .015913
784 .020559
864 .036938
944 .027701
1024 .039003
1104 .049017
1184 .058247
1264 .082043
1344 .095630
1424 .097530
1504 .109279
1584 .107396
1664 .164239
1744 .158420
1824 .185387
1904 .138626
1984 .230188
2064 .232689
2144 .288446
2224 .290497
2304 .276813
2384 .345106
2464 .308720
2544 .398701
2624 .545705
2704 .623489
2784 .623489
2864 .623489
2944 .623489
3024 .623489
3104 .623489
3184 .623489
3264 .623489
3344 .623489
3424 .623489
3504 .623489
3584 .623489
3664 .623489
3744 .623489
3824 .623489
3904 .623489
3984 .623489
4064 .623489
